1,2,0.33
1,3,0.5
1,4,0.5
1,5,0.67
1,6,0.5
1,7,0.67
1,8,0.83
1,9,0.67
1,10,0.67
1,11,0.67
1,12,0.33
1,13,0.33
1,14,0.33
1,15,0.67
1,16,0.5
1,17,0.83
1,18,0.33
1,19,0.83
1,20,0.5
1,21,0.83
1,22,0.33
1,23,0.5
1,24,0.67
1,25,0.67
2,1,0.5
2,3,0.25
2,4,0.75
2,5,0.75
2,7,0.5
2,8,0.75
2,9,0.25
2,11,0.25
2,15,0.5
2,16,1.0
2,17,0.25
2,18,1.0
2,19,0.5
2,21,0.5
3,1,0.6
3,2,0.2
3,4,0.4
3,5,0.2
3,6,0.8
3,7,0.8
3,8,0.4
3,9,1.0
3,10,0.4
3,11,0.8
3,15,0.2
3,16,0.4
3,17,0.8
3,18,0.2
3,19,0.4
3,20,0.8
3,21,0.8
3,23,0.8
3,24,0.8
3,25,0.4
4,1,0.75
4,2,0.75
4,3,0.5
4,5,0.75
4,6,0.25
4,7,0.75
4,8,1.0
4,9,0.5
4,10,0.25
4,11,0.5
4,15,0.5
4,16,1.0
4,17,0.5
4,18,0.75
4,19,0.75
4,20,0.25
4,21,0.75
4,23,0.25
4,24,0.25
4,25,0.25
5,1,0.8
5,2,0.6
5,3,0.2
5,4,0.6
5,6,0.2
5,7,0.4
5,8,1.0
5,9,0.4
5,10,0.4
5,11,0.4
5,12,0.4
5,13,0.4
5,14,0.4
5,15,0.8
5,16,0.6
5,17,0.6
5,18,0.6
5,19,0.8
5,20,0.2
5,21,0.6
5,22,0.4
5,23,0.2
5,24,0.4
5,25,0.4
6,1,0.6
6,3,0.8
6,4,0.2
6,5,0.2
6,7,0.6
6,8,0.4
6,9,1.0
6,10,0.6
6,11,0.8
6,12,0.2
6,13,0.2
6,14,0.2
6,15,0.2
6,16,0.2
6,17,0.8
6,19,0.4
6,20,1.0
6,21,0.8
6,22,0.2
6,23,1.0
6,24,1.0
6,25,0.6
7,1,0.8
7,2,0.4
7,3,0.8
7,4,0.6
7,5,0.4
7,6,0.6
7,8,0.6
7,9,0.8
7,10,0.4
7,11,0.8
7,15,0.4
7,16,0.6
7,17,0.8
7,18,0.4
7,19,0.6
7,20,0.6
7,21,1.0
7,23,0.6
7,24,0.6
7,25,0.4
8,1,0.83
8,2,0.5
8,3,0.33
8,4,0.67
8,5,0.83
8,6,0.33
8,7,0.5
8,9,0.5
8,10,0.5
8,11,0.5
8,12,0.33
8,13,0.33
8,14,0.33
8,15,0.67
8,16,0.67
8,17,0.67
8,18,0.5
8,19,0.83
8,20,0.33
8,21,0.67
8,22,0.33
8,23,0.33
8,24,0.5
8,25,0.5
9,1,0.67
9,2,0.17
9,3,0.83
9,4,0.33
9,5,0.33
9,6,0.83
9,7,0.67
9,8,0.5
9,10,0.5
9,11,0.83
9,12,0.17
9,13,0.17
9,14,0.17
9,15,0.33
9,16,0.33
9,17,0.83
9,18,0.17
9,19,0.5
9,20,0.83
9,21,0.83
9,22,0.17
9,23,0.83
9,24,0.83
9,25,0.5
10,1,1.0
10,3,0.5
10,4,0.25
10,5,0.5
10,6,0.75
10,7,0.5
10,8,0.75
10,9,0.75
10,11,0.75
10,12,0.5
10,13,0.5
10,14,0.5
10,15,0.5
10,16,0.25
10,17,1.0
10,19,0.75
10,20,0.75
10,21,0.75
10,22,0.5
10,23,0.75
10,24,1.0
10,25,1.0
11,1,0.8
11,2,0.2
11,3,0.8
11,4,0.4
11,5,0.4
11,6,0.8
11,7,0.8
11,8,0.6
11,9,1.0
11,10,0.6
11,12,0.2
11,13,0.2
11,14,0.2
11,15,0.4
11,16,0.4
11,17,1.0
11,18,0.2
11,19,0.6
11,20,0.8
11,21,1.0
11,22,0.2
11,23,0.8
11,24,0.8
11,25,0.6
12,1,0.4
12,5,0.4
12,6,0.2
12,8,0.4
12,9,0.2
12,10,0.4
12,11,0.2
12,13,1.0
12,14,1.0
12,15,1.0
12,17,0.6
12,19,0.6
12,20,0.2
12,21,0.2
12,22,1.0
12,23,0.2
12,24,0.6
12,25,0.8
13,1,0.33
13,5,0.33
13,6,0.17
13,8,0.33
13,9,0.17
13,10,0.33
13,11,0.17
13,12,0.83
13,14,1.0
13,15,0.83
13,17,0.5
13,19,0.5
13,20,0.17
13,21,0.17
13,22,1.0
13,23,0.17
13,24,0.5
13,25,0.67
14,1,0.33
14,5,0.33
14,6,0.17
14,8,0.33
14,9,0.17
14,10,0.33
14,11,0.17
14,12,0.83
14,13,1.0
14,15,0.83
14,17,0.5
14,19,0.5
14,20,0.17
14,21,0.17
14,22,1.0
14,23,0.17
14,24,0.5
14,25,0.67
15,1,0.57
15,2,0.29
15,3,0.14
15,4,0.29
15,5,0.57
15,6,0.14
15,7,0.29
15,8,0.57
15,9,0.29
15,10,0.29
15,11,0.29
15,12,0.71
15,13,0.71
15,14,0.71
15,16,0.29
15,17,0.57
15,18,0.29
15,19,0.71
15,20,0.14
15,21,0.43
15,22,0.71
15,23,0.14
15,24,0.43
15,25,0.57
16,1,0.6
16,2,0.8
16,3,0.4
16,4,0.8
16,5,0.6
16,6,0.2
16,7,0.6
16,8,0.8
16,9,0.4
16,10,0.2
16,11,0.4
16,15,0.4
16,17,0.4
16,18,0.8
16,19,0.6
16,20,0.2
16,21,0.6
16,23,0.2
16,24,0.2
16,25,0.2
17,1,0.71
17,2,0.14
17,3,0.57
17,4,0.29
17,5,0.43
17,6,0.57
17,7,0.57
17,8,0.57
17,9,0.71
17,10,0.57
17,11,0.71
17,12,0.43
17,13,0.43
17,14,0.43
17,15,0.57
17,16,0.29
17,18,0.14
17,19,0.71
17,20,0.57
17,21,0.71
17,22,0.43
17,23,0.57
17,24,0.86
17,25,0.71
18,1,0.4
18,2,0.8
18,3,0.2
18,4,0.6
18,5,0.6
18,7,0.4
18,8,0.6
18,9,0.2
18,11,0.2
18,15,0.4
18,16,0.8
18,17,0.2
18,19,0.4
18,21,0.4
19,1,0.83
19,2,0.33
19,3,0.33
19,4,0.5
19,5,0.67
19,6,0.33
19,7,0.5
19,8,0.83
19,9,0.5
19,10,0.5
19,11,0.5
19,12,0.5
19,13,0.5
19,14,0.5
19,15,0.83
19,16,0.5
19,17,0.83
19,18,0.33
19,20,0.33
19,21,0.67
19,22,0.5
19,23,0.33
19,24,0.67
19,25,0.67
20,1,0.6
20,3,0.8
20,4,0.2
20,5,0.2
20,6,1.0
20,7,0.6
20,8,0.4
20,9,1.0
20,10,0.6
20,11,0.8
20,12,0.2
20,13,0.2
20,14,0.2
20,15,0.2
20,16,0.2
20,17,0.8
20,19,0.4
20,21,0.8
20,22,0.2
20,23,1.0
20,24,1.0
20,25,0.6
21,1,0.83
21,2,0.33
21,3,0.67
21,4,0.5
21,5,0.5
21,6,0.67
21,7,0.83
21,8,0.67
21,9,0.83
21,10,0.5
21,11,0.83
21,12,0.17
21,13,0.17
21,14,0.17
21,15,0.5
21,16,0.5
21,17,0.83
21,18,0.33
21,19,0.67
21,20,0.67
21,22,0.17
21,23,0.67
21,24,0.67
21,25,0.5
22,1,0.25
22,5,0.25
22,6,0.12
22,8,0.25
22,9,0.12
22,10,0.25
22,11,0.12
22,12,0.62
22,13,0.75
22,14,0.75
22,15,0.62
22,17,0.38
22,19,0.38
22,20,0.12
22,21,0.12
22,23,0.12
22,24,0.38
22,25,0.5
23,1,0.6
23,3,0.8
23,4,0.2
23,5,0.2
23,6,1.0
23,7,0.6
23,8,0.4
23,9,1.0
23,10,0.6
23,11,0.8
23,12,0.2
23,13,0.2
23,14,0.2
23,15,0.2
23,16,0.2
23,17,0.8
23,19,0.4
23,20,1.0
23,21,0.8
23,22,0.2
23,24,1.0
23,25,0.6
24,1,0.57
24,3,0.57
24,4,0.14
24,5,0.29
24,6,0.71
24,7,0.43
24,8,0.43
24,9,0.71
24,10,0.57
24,11,0.57
24,12,0.43
24,13,0.43
24,14,0.43
24,15,0.43
24,16,0.14
24,17,0.86
24,19,0.57
24,20,0.71
24,21,0.57
24,22,0.43
24,23,0.71
24,25,0.71
25,1,0.67
25,3,0.33
25,4,0.17
25,5,0.33
25,6,0.5
25,7,0.33
25,8,0.5
25,9,0.5
25,10,0.67
25,11,0.5
25,12,0.67
25,13,0.67
25,14,0.67
25,15,0.67
25,16,0.17
25,17,0.83
25,19,0.67
25,20,0.5
25,21,0.5
25,22,0.67
25,23,0.5
25,24,0.83
